61
0.0000 10.0000
0.4000 10.8000
0.8000 11.6000
1.2000 12.4000
1.6000 13.2000
2.0000 14.0000
2.4000 14.8000
2.8000 15.6000
3.2000 16.4000
3.6000 17.2000
4.0000 18.0000
4.4000 18.8000
4.8000 19.6000
5.2000 20.0000
5.6000 20.0000
6.0000 20.0000
6.4000 20.0000
6.8000 20.0000
7.0000 20.0000
7.7000 20.0000
8.4000 20.0000
9.1000 20.0000
9.8000 20.0000
10.5000 17.8206
11.2000 16.7504
11.9000 16.0770
12.6000 15.6137
13.3000 15.2979
14.0000 15.1010
14.5000 15.0251
15.0000 15.0000
15.5000 15.0251
16.0000 15.1010
16.5000 15.2303
17.0000 15.4174
17.5000 15.6699
18.0000 16.0000
18.5000 16.4293
19.0000 17.0000
19.5000 17.8206
20.0000 20.0000
20.5000 19.0000
21.0000 18.0000
21.5000 17.0000
22.0000 16.0000
22.5000 15.0000
23.0000 14.0000
23.5000 13.0000
24.0000 12.0000
24.5000 11.0000
25.0000 10.0000
25.5000 9.0000
26.0000 8.0000
26.5000 7.0000
27.0000 6.0000
27.5000 5.0000
28.0000 4.0000
28.5000 3.0000
29.0000 2.0000
29.5000 1.0000
30.0000 0.0000


Ans. is: 435.73