0905081
1305067
1505048
1605051
1705001
1705002
1705003
1705004
1705005
1705006
1705007
1705008
1705009
1705010
1705011
1705012
1705013
1705014
1705015
1705016
1705017
1705018
1705019
1705020
1705021
1705022
1705023
1705024
1705025
1705026
1705027
1705028
1705029
1705030
1705031
1705032
1705033
1705034
1705035
1705036
1705037
1705038
1705039
1705040
1705041
1705042
1705043
1705044
1705045
1705047
1705048
1705049
1705050
1705051
1705052
1705053
1705054
1705055
1705056
1705057
1705058
1705059
1705060
1705061
1705062
1705063
1705064
1705065
1705066
1705067
1705068
1705069
1705070
1705071
1705072
1705073
1705074
1705075
1705076
1705077
1705078
1705079
1705080
1705081
1705082
1705083
1705084
1705085
1705086
1705087
1705088
1705089
1705090
1705091
1705092
1705093
1705094
1705095
1705096
1705097
1705098
1705100
1705101
1705102
1705103
1705104
1705105
1705106
1705108
1705109
1705110
1705111
1705112
1705113
1705114
1705115
1705116
1705118
1705119
1705120
1705121
